Welcome to Ubuntu 18.04.5 LTS (GNU/Linux 5.4.0-1065-raspi aarch64)

 * Documentation:  https://help.ubuntu.com
 * Management:     https://landscape.canonical.com
 * Support:        https://ubuntu.com/advantage

  System information as of Wed Jul 13 14:31:11 UTC 2022

  System load:  2.41               Processes:           232
  Usage of /:   43.1% of 28.37GB   Users logged in:     1
  Memory usage: 42%                IP address for eth0: 223.2.45.185
  Swap usage:   0%


318 packages can be up
dated.
2 of these updates are security updates.
To see these additional updates run: apt list --upgradable

Failed to connect to https://changelogs.ubuntu.com/meta-release-lts. Check your Internet connection or proxy settings

Your Hardware Enablement Stack (HWE) is supported until April 2023.

Last login: Wed Jul 13 14:23:09 2022 from 223.2.37.250



ubuntu@ubuntu:~$ 


ubuntu@ubuntu:~$ 

ubuntu@ubuntu:~$ 
cd Desktop/loongson
ubuntu@ubuntu:~/Desktop/loongson$ 

ubuntu@ubuntu:~/Desktop/loongson$ 
python3 chess_photo.py



1

/home/ubuntu/.local/lib/python3.6/site-packages/torchvision/io/image.py:11: UserWarning: Failed to load image Python extension: 
  warn(f"Failed to load image Python extension: {e}")
setBoard64
73 34 121 87 	121 34 169 87 	169 34 218 87 	218 34 266 87 	266 34 314 87 	314 34 363 87 	363 34 411 87 	411 34 460 87 	
73 87 121 140 	121 87 169 140 	169 87 218 140 	218 87 266 140 	266 87 314 140 	314 87 363 140 	363 87 411 140 	411 87 460 140 	
73 140 121 193 	121 140 169 193 	169 140 218 193 	218 140 266 193
 	266 140 314 193 	314 140 363 193 	363 140 411 193 	411 140 460 193 	
73 193 121 247 	121 193 169 247 	169 193 218 247 	218 193 266 247 	266 193 314 247 	314 193 363 247 	363 193 411 247 	411 193 460 247 	
73 247 121 300 	121 247 169 300 	169 247 218 300 	218 247 266 300 	266 247 314 300 	314 247 363 300 	363 247 411 300 	411 247 460 300 	
73 300 121 353 	121 300 169 353 	169 300 218 353 	218 300 266 353 	266 300 314 353 	314 300 363 353 	363 300 411 353 	411 300 460 353 	
73 353 121 406 	121 353 169 4
06 	169 353 218 406 	218 353 266 406 	266 353 314 406 	314 353 363 406 	363 353 411 406 	411 353 460 406 	
73 406 121 460 	121 406 169 460 	169 406 218 460 	218 406 266 460 	266 406 314 460 	314 406 363 460 	363 406 411 460 	411 406 460 460 	
board64 bbbbbbbbbbbbbbbb00000000000000000000000000000000wwwwwwwwwwwwwwww


2

findMove

73 34 121 87 	121 34 169 87 	169 34 218 87 	218 34 266 87 	266 34 314 87 	314 34 363 87 	363 34 411 87 	411 34 460 87 	
73 87 121 140 	121 87 169 140 	169 87 218 140 	218 87 266 140 	266 87 314 140 	314 87 363 140 	363 87 411 140 	411 87 460 140 	
73 140 121 194 	121 140 169 194 	169 140 218 194 	218 140 266 194 	266 140 314 194 	314 140 363 194 	363 140 411 194 	411 140 460 194 	
73 194 121 247 	121 194 169 247 	169 194 218 247 	218 194 266 247 	266 194 314 247 	314 194 363 247 	363 194 411 247 	411 194
 460 247 	
73 247 121 300 	121 247 169 300 	169 247 218 300 	218 247 266 300 	266 247 314 300 	314 247 363 300 	363 247 411 300 	411 247 460 300 	
73 300 121 354 	121 300 169 354 	169 300 218 354 	218 300 266 354 	266 300 314 354 	314 300 363 354 	363 300 411 354 	411 300 460 354 	
73 354 121 407 	121 354 169 407 	169 354 218 407 	218 354 266 407 	266 354 314 407 	314 354 363 407 	363 354 411 407 	411 354 460 407 	
73 407 121 461 	121 407 169 461 	169 407 218 461 	218 407 266 461 	266 407 314 461 	314 4
07 363 461 	363 407 411 461 	411 407 460 461 	
board64 bbbbbbbbbbbbbbbb00000000000000000000000w00000000wwwwwww0wwwwwwww

h2h4



1
setBoard64

73 31 121 84 	121 31 169 84 	169 31 218 84 	218 31 266 84 	266 31 314 84 	314 31 363 84 	363 31 411 84 	411 31 460 84 	
73 84 121 138 	121 84 169 138 	169 84 218 138 	218 84 266 138 	266 84 314 138 	314 84 363 138 	363 84 411 138 	411 84 460 138 	
73 138 121 192 	121 138 169 192 	169 138 218 192 	218 138 266 192 	266 138 314 192 	314 138 363 192 	363 138 411 192 	411 138 460 192 	
73 192 121 246 	121 192 169 246 	169 192 218 246 	218 192 266 246 	266 192 314 246 	314 192 363 246 	363 192 411 246 	411 192
 460 246 	
73 246 121 299 	121 246 169 299 	169 246 218 299 	218 246 266 299 	266 246 314 299 	314 246 363 299 	363 246 411 299 	411 246 460 299 	
73 299 121 353 	121 299 169 353 	169 299 218 353 	218 299 266 353 	266 299 314 353 	314 299 363 353 	363 299 411 353 	411 299 460 353 	
73 353 121 407 	121 353 169 407 	169 353 218 407 	218 353 266 407 	266 353 314 407 	314 353 363 407 	363 353 411 407 	411 353 460 407 	
73 407 121 461 	121 407 169 461 	169 407 218 461 	218 407 266 461 	266 407 314 461 	314 4
07 363 461 	363 407 411 461 	411 407 460 461 	
board64 bbbbbbbbbbbb0bbb000000000000b0000000000w00000000wwwwwww0wwwwwwww


2

findMove

73 31 121 84 	121 31 169 84 	169 31 218 84 	218 31 266 84 	266 31 314 84 	314 31 363 84 	363 31 411 84 	411 31 460 84 	
73 84 121 138 	121 84 169 138 	169 84 218 138 	218 84 266 138 	266 84 314 138 	314 84 363 138 	363 84 411 138 	411 84 460 138 	
73 138 121 191 	121 138 169 191 	169 138 218 191 	218 138 266 191 	266 138 314 191 	314 138 363 191 	363 138 411 191 	411 138 460 191 	
73 191 121 245 	121 191 169 245 	169 191 218 245 	218 191 266 245 	266 191 314 245 	314 191 363 245 	363 191 411 245 	411 191
 460 245 	
73 245 121 299 	121 245 169 299 	169 245 218 299 	218 245 266 299 	266 245 314 299 	314 245 363 299 	363 245 411 299 	411 245 460 299 	
73 299 121 352 	121 299 169 352 	169 299 218 352 	218 299 266 352 	266 299 314 352 	314 299 363 352 	363 299 411 352 	411 299 460 352 	
73 352 121 406 	121 352 169 406 	169 352 218 406 	218 352 266 406 	266 352 314 406 	314 352 363 406 	363 352 411 406 	411 352 460 406 	
73 406 121 460 	121 406 169 460 	169 406 218 460 	218 406 266 460 	266 406 314 460 	314 4
06 363 460 	363 406 411 460 	411 406 460 460 	
board64 bbbbbbbbbbbb0bbb000000000000b000000000ww00000000wwwwww00wwwwwwww

g2g4



1

setBoard64

73 31 121 84 	121 31 169 84 	169 31 218 84 	218 31 266 84 	266 31 314 84 	314 31 363 84 	363 31 411 84 	411 31 460 84 	
73 84 121 138 	121 84 169 138 	169 84 218 138 	218 84 266 138 	266 84 314 138 	314 84 363 138 	363 84 411 138 	411 84 460 138 	
73 138 121 192 	121 138 169 192 	169 138 218 192 	218 138 266 192 	266 138 314 192 	314 138 363 192 	363 138 411 192 	411 138 460 192 	
73 192 121 246 	121 192 169 246 	169 192 218 246 	218 192 266 246 	266 192 314 246 	314 192 363 246 	363 192 411 246 	411 192
 460 246 	
73 246 121 299 	121 246 169 299 	169 246 218 299 	218 246 266 299 	266 246 314 299 	314 246 363 299 	363 246 411 299 	411 246 460 299 	
73 299 121 353 	121 299 169 353 	169 299 218 353 	218 299 266 353 	266 299 314 353 	314 299 363 353 	363 299 411 353 	411 299 460 353 	
73 353 121 407 	121 353 169 407 	169 353 218 407 	218 353 266 407 	266 353 314 407 	314 353 363 407 	363 353 411 407 	411 353 460 407 	
73 407 121 461 	121 407 169 461 	169 407 218 461 	218 407 266 461 	266 407 314 461 	314 4
07 363 461 	363 407 411 461 	411 407 460 461 	
board64 b0bbbbbbbbbb0bbb00b000000000b000000000ww00000000wwwwww00wwwwwwww


2

findMove

73 31 121 84 	121 31 170 84 	170 31 218 84 	218 31 267 84 	267 31 315 84 	315 31 364 84 	364 31 412 84 	412 31 461 84 	
73 84 121 138 	121 84 170 138 	170 84 218 138 	218 84 267 138 	267 84 315 138 	315 84 364 138 	364 84 412 138 	412 84 461 138 	
73 138 121 191 	121 138 170 191 	170 138 218 191 	218 138 267 191 	267 138 315 191 	315 138 364 191 	364 138 412 191 	412 138 461 191 	
73 191 121 245 	121 191 170 245 	170 191 218 245 	218 191 267 245 	267 191 315 245 	315 191 364 245 	364 191 412 245 	412 191
 461 245 	
73 245 121 298 	121 245 170 298 	170 245 218 298 	218 245 267 298 	267 245 315 298 	315 245 364 298 	364 245 412 298 	412 245 461 298 	
73 298 121 352 	121 298 170 352 	170 298 218 352 	218 298 267 352 	267 298 315 352 	315 298 364 352 	364 298 412 352 	412 298 461 352 	
73 352 121 405 	121 352 170 405 	170 352 218 405 	218 352 267 405 	267 352 315 405 	315 352 364 405 	364 352 412 405 	412 352 461 405 	
73 405 121 459 	121 405 170 459 	170 405 218 459 	218 405 267 459 	267 405 315 459 	315 4
05 364 459 	364 405 412 459 	412 405 461 459 	
board64 b0bbbbbbbbbb0bbb00b000000000b000000000ww00000w00wwwwww00wwwwww0w

g1f3



1
setBoard64

57 30 107 83 	107 30 158 83 	158 30 208 83 	208 30 259 83 	259 30 309 83 	309 30 360 83 	360 30 410 83 	410 30 461 83 	
57 83 107 137 	107 83 158 137 	158 83 208 137 	208 83 259 137 	259 83 309 137 	309 83 360 137 	360 83 410 137 	410 83 461 137 	
57 137 107 190 	107 137 158 190 	158 137 208 190 	208 137 259 190 	259 137 309 190 	309 137 360 190 	360 137 410 190 	410 137 461 190 	
57 190 107 244 	107 190 158 244 	158 190 208 244 	208 190 259 244 	259 190 309 244 	309 190 360 244 	360 190 410 244 	410 190
 461 244 	
57 244 107 298 	107 244 158 298 	158 244 208 298 	208 244 259 298 	259 244 309 298 	309 244 360 298 	360 244 410 298 	410 244 461 298 	
57 298 107 351 	107 298 158 351 	158 298 208 351 	208 298 259 351 	259 298 309 351 	309 298 360 351 	360 298 410 351 	410 298 461 351 	
57 351 107 405 	107 351 158 405 	158 351 208 405 	208 351 259 405 	259 351 309 405 	309 351 360 405 	360 351 410 405 	410 351 461 405 	
57 405 107 459 	107 405 158 459 	158 405 208 459 	208 405 259 459 	259 405 309 459 	309 4
05 360 459 	360 405 410 459 	410 405 461 459 	
board64 b0bbbbbbbbbb0bbb00b00000000000000000b0ww00000w00wwwwww00wwwwww0w


2

findMove

73 31 121 83 	121 31 169 83 	169 31 218 83 	218 31 266 83 	266 31 314 83 	314 31 363 83 	363 31 411 83 	411 31 460 83 	
73 83 121 136 	121 83 169 136 	169 83 218 136 	218 83 266 136 	266 83 314 136 	314 83 363 136 	363 83 411 136 	411 83 460 136 	
73 136 121 189 	121 136 169 189 	169 136 218 189 	218 136 266 189 	266 136 314 189 	314 136 363 189 	363 136 411 189 	411 136 460 189 	
73 189 121 242 	121 189 169 242 	169 189 218 242 	218 189 266 242 	266 189 314 242 	314 189 363 242 	363 189 411 242 	411 189
 460 242 	
73 242 121 295 	121 242 169 295 	169 242 218 295 	218 242 266 295 	266 242 314 295 	314 242 363 295 	363 242 411 295 	411 242 460 295 	
73 295 121 348 	121 295 169 348 	169 295 218 348 	218 295 266 348 	266 295 314 348 	314 295 363 348 	363 295 411 348 	411 295 460 348 	
73 348 121 401 	121 348 169 401 	169 348 218 401 	218 348 266 401 	266 348 314 401 	314 348 363 401 	363 348 411 401 	411 348 460 401 	
73 401 121 454 	121 401 169 454 	169 401 218 454 	218 401 266 454 	266 401 314 454 	314 4
01 363 454 	363 401 411 454 	411 401 460 454 	
board64 b0bbbbbbbbbb0bbb00b00000000000000000b0ww00000w00wwwwww0wwwwwww00

h1h2



1

setBoard64

